	       1	         100	0.01
	       3	         375	0.008
	       9	        1400	0.0064
	      25	        5000	0.00512
	      80	       20000	0.004096
	
	     250	       75000	0.0032768
	     750	      285000	0.00262144
	    2100	     1000000	0.002097152
	    6500	     3875000	0.001677722

	   20000	    15000000	0.001342177
	   60000	    55000000	0.001073742
	  180000	   210000000	0.000858993
	  520000	   750000000	0.000687195

	 1600000	  3000000000	0.000549756
	 5000000	 11350000000	0.000439805
	15000000	 45000000000	0.000351844
	50000000	175000000000	0.000281475